###link
https://api.geops.io/tracker-http/v1/journeys/sbb_140385442770512/?key=5cc87b12d7c5370001c1d65576ce5bd4be5a4a349ca401cdd7cac1ff

###response
{
  "type": "FeatureCollection",
  "properties": {
    "tenant": "sbb",
    "publisher": "SBB",
    "publisherUrl": "http://www.sbb.ch",
    "operator": "SBB (Schweizerische Bundesbahnen SBB)",
    "operatorUrl": "http://www.sbb.ch",
    "license": null,
    "licenseUrl": null,
    "licenseNote": null,
    "gen_level": null,
    "train_id": "sbb_140385442770512",
    "gen_range": [150, 32767]
  },
  "features": [
    {
      "type": "Feature",
      "geometry": {
        "type": "GeometryCollection",
        "geometries": [
          {
            "type": "LineString",
            "coordinates": [
              [880343, 5999716],
              [880383, 6000058],
              [880412, 6000191],
              [880428, 6000232],
              [880452, 6000282],
              [880470, 6000314],
              [880497, 6000353],
              [880527, 6000391],
              [880563, 6000427],
              [880604, 6000465],
              [881012, 6000773],
              [881098, 6000841],
              [881178, 6000917],
              [881255, 6001008],
              [881290, 6001055],
              [881326, 6001112],
              [881364, 6001183],
              [881399, 6001262],
              [881428, 6001341],
              [881444, 6001402],
              [881463, 6001494],
              [881468, 6001544],
              [881470, 6001594],
              [881468, 6001645],
              [881462, 6001706],
              [881451, 6001764],
              [881408, 6001918],
              [881393, 6001979],
              [881331, 6002259],
              [881252, 6002583],
              [881204, 6002772],
              [881170, 6002920],
              [881144, 6003063],
              [880622, 6005331],
              [880091, 6007442],
              [878719, 6013006],
              [878369, 6014360],
              [878304, 6014589],
              [878283, 6014657],
              [878240, 6014765],
              [878183, 6014863],
              [877998, 6015149],
              [877865, 6015365],
              [877803, 6015455],
              [877712, 6015560],
              [877607, 6015649],
              [877396, 6015804],
              [877349, 6015843],
              [877253, 6015935],
              [877201, 6015993],
              [877154, 6016055],
              [877070, 6016179],
              [876733, 6016702],
              [876585, 6016914],
              [876535, 6016967],
              [876447, 6017043],
              [876399, 6017081],
              [876325, 6017127],
              [876234, 6017177],
              [876176, 6017205],
              [875831, 6017338],
              [875704, 6017402],
              [875601, 6017470],
              [875453, 6017591],
              [875370, 6017679],
              [875294, 6017773],
              [875230, 6017871],
              [875037, 6018224],
              [874986, 6018314],
              [874945, 6018374],
              [874908, 6018421],
              [874853, 6018475],
              [874787, 6018532],
              [874710, 6018579],
              [874633, 6018615],
              [874539, 6018646],
              [874436, 6018664],
              [874326, 6018668],
              [874218, 6018655],
              [874139, 6018636],
              [873576, 6018470],
              [873330, 6018398],
              [873090, 6018323],
              [872950, 6018275],
              [872845, 6018252],
              [872783, 6018246],
              [872724, 6018245],
              [872601, 6018253],
              [872382, 6018273],
              [872321, 6018272],
              [872249, 6018264],
              [872158, 6018242],
              [872087, 6018217],
              [871991, 6018170],
              [871905, 6018107],
              [871800, 6018001],
              [871679, 6017826],
              [871625, 6017759],
              [871565, 6017697],
              [871477, 6017627],
              [871411, 6017588],
              [871370, 6017568],
              [871269, 6017531],
              [871175, 6017513],
              [871098, 6017505],
              [871026, 6017506],
              [870915, 6017520],
              [870807, 6017547],
              [870235, 6017707],
              [870063, 6017762],
              [869894, 6017814],
              [869622, 6017913],
              [869453, 6017975],
              [869353, 6018017],
              [869276, 6018052],
              [869174, 6018114],
              [869033, 6018208],
              [868918, 6018276],
              [868785, 6018329],
              [868619, 6018368],
              [866878, 6018692],
              [864793, 6019076],
              [864686, 6019088],
              [864632, 6019089],
              [864285, 6019077],
              [864214, 6019077],
              [864137, 6019083],
              [864037, 6019097],
              [863972, 6019112],
              [863871, 6019143],
              [863824, 6019161],
              [863794, 6019174],
              [863712, 6019214],
              [863658, 6019245],
              [863519, 6019339],
              [861448, 6020781],
              [861292, 6020893],
              [861177, 6020982],
              [861016, 6021116],
              [860873, 6021244],
              [860628, 6021476],
              [860471, 6021630],
              [860351, 6021755],
              [860294, 6021819],
              [860074, 6022086],
              [859940, 6022258],
              [859869, 6022360],
              [859828, 6022424],
              [859707, 6022643],
              [859631, 6022790],
              [859562, 6022944],
              [859510, 6023071],
              [859463, 6023205],
              [859384, 6023474],
              [859352, 6023623],
              [859327, 6023760],
              [859307, 6023899],
              [859295, 6024007],
              [859286, 6024114],
              [859271, 6024330],
              [859221, 6025142],
              [859211, 6025243],
              [859203, 6025303],
              [859105, 6025916],
              [859088, 6025999],
              [859049, 6026155],
              [859008, 6026289],
              [858943, 6026473],
              [858655, 6027176],
              [858619, 6027256],
              [858593, 6027302],
              [858536, 6027389],
              [858506, 6027428],
              [858436, 6027502],
              [858397, 6027536],
              [858357, 6027567],
              [858224, 6027651],
              [858128, 6027692],
              [858027, 6027723],
              [857961, 6027736],
              [857906, 6027743],
              [856138, 6027814],
              [855250, 6027850],
              [855096, 6027861],
              [854968, 6027881],
              [854842, 6027914],
              [854765, 6027941],
              [854658, 6027988],
              [854516, 6028059],
              [854157, 6028218],
              [853906, 6028342],
              [853670, 6028471],
              [853433, 6028598],
              [853161, 6028733],
              [853072, 6028773],
              [853009, 6028797],
              [852806, 6028866],
              [852691, 6028915],
              [852630, 6028947],
              [852581, 6028977],
              [852401, 6029100],
              [852298, 6029161],
              [851385, 6029614],
              [850474, 6030067],
              [850178, 6030205],
              [849888, 6030349],
              [849581, 6030509],
              [848963, 6030817],
              [848838, 6030871],
              [848688, 6030925],
              [848597, 6030963],
              [848102, 6031211],
              [847946, 6031292],
              [847687, 6031444],
              [847566, 6031510],
              [847440, 6031566],
              [847327, 6031606],
              [847194, 6031633],
              [847117, 6031642],
              [847020, 6031648],
              [846928, 6031648],
              [846839, 6031641],
              [846793, 6031634],
              [846704, 6031614],
              [846617, 6031588],
              [846504, 6031539],
              [846311, 6031429],
              [846273, 6031410],
              [846204, 6031384],
              [846128, 6031365],
              [846049, 6031357],
              [846010, 6031356],
              [845929, 6031362],
              [845858, 6031376],
              [845807, 6031391],
              [845758, 6031409],
              [845600, 6031477],
              [845348, 6031567],
              [845303, 6031577],
              [845191, 6031610],
              [845126, 6031633],
              [844827, 6031705],
              [844786, 6031719],
              [844827, 6031705],
              [844934, 6031678],
              [845019, 6031650],
              [845128, 6031623],
              [845178, 6031607],
              [845323, 6031552],
              [845376, 6031529],
              [845591, 6031420],
              [845672, 6031388],
              [845946, 6031249],
              [846001, 6031216],
              [846463, 6030879],
              [846559, 6030804],
              [846630, 6030733],
              [847095, 6030241],
              [847183, 6030148],
              [847236, 6030084],
              [847259, 6030049],
              [847288, 6029999],
              [847319, 6029932],
              [847340, 6029870],
              [847353, 6029812],
              [847422, 6029410],
              [847483, 6028994],
              [847536, 6028611],
              [847557, 6028522],
              [847585, 6028428],
              [848008, 6027258],
              [848055, 6027120],
              [848103, 6026961],
              [848119, 6026889],
              [848124, 6026845],
              [848125, 6026782],
              [848122, 6026747],
              [848114, 6026711],
              [848091, 6026632],
              [847980, 6026301],
              [847308, 6024285],
              [847277, 6024175],
              [847262, 6024094],
              [847255, 6023992],
              [847257, 6023916],
              [847270, 6023826],
              [847321, 6023621],
              [847335, 6023529],
              [847338, 6023480],
              [847333, 6023394],
              [847326, 6023346],
              [847315, 6023297],
              [847257, 6023113],
              [847243, 6023051],
              [847236, 6022992],
              [847234, 6022943],
              [847239, 6022842],
              [847283, 6022198],
              [847332, 6021501],
              [847332, 6021355],
              [847325, 6021279],
              [847318, 6021224],
              [847290, 6021100],
              [847169, 6020703],
              [846909, 6019861],
              [846878, 6019779],
              [846843, 6019713],
              [846597, 6019308],
              [846527, 6019171],
              [846476, 6019065],
              [846450, 6019002],
              [846426, 6018918],
              [846404, 6018820],
              [846394, 6018761],
              [846385, 6018689],
              [846368, 6018457],
              [846369, 6018371],
              [846375, 6018288],
              [846385, 6018241],
              [846403, 6018195],
              [846428, 6018146],
              [846463, 6018096],
              [846503, 6018054],
              [846542, 6018022],
              [846583, 6017993],
              [846639, 6017958],
              [846777, 6017855],
              [846908, 6017743],
              [846998, 6017660],
              [847044, 6017610],
              [847073, 6017572],
              [847115, 6017494],
              [847129, 6017452],
              [847141, 6017401],
              [847147, 6017336],
              [847142, 6017256],
              [847133, 6017210],
              [847121, 6017169],
              [847091, 6017107],
              [847062, 6017061],
              [846997, 6016989],
              [846426, 6016433],
              [846184, 6016197],
              [846136, 6016145],
              [846104, 6016099],
              [846078, 6016051],
              [846054, 6015999],
              [846037, 6015950],
              [846024, 6015883],
              [846020, 6015812],
              [846027, 6015753],
              [846038, 6015689],
              [846059, 6015626],
              [846227, 6015220],
              [846243, 6015170],
              [846254, 6015127],
              [846260, 6015084],
              [846265, 6015019],
              [846261, 6014959],
              [846250, 6014898],
              [846231, 6014837],
              [846211, 6014788],
              [846160, 6014711],
              [846122, 6014664],
              [845967, 6014520],
              [845925, 6014484],
              [845890, 6014461],
              [845844, 6014435],
              [845817, 6014424],
              [845775, 6014411],
              [845726, 6014400],
              [845680, 6014395],
              [845430, 6014403],
              [845347, 6014403],
              [845280, 6014399],
              [845156, 6014388],
              [845038, 6014365],
              [844929, 6014327],
              [844781, 6014257],
              [844698, 6014223],
              [844615, 6014200],
              [844447, 6014164],
              [844409, 6014151],
              [844374, 6014136],
              [844291, 6014088],
              [844133, 6013973],
              [844066, 6013937],
              [844032, 6013924],
              [843956, 6013903],
              [843917, 6013898],
              [843860, 6013894],
              [843796, 6013898],
              [843713, 6013916],
              [843325, 6014036],
              [843277, 6014047],
              [843226, 6014052],
              [843175, 6014052],
              [843082, 6014037],
              [843029, 6014020],
              [842868, 6013952],
              [842806, 6013932],
              [842755, 6013918],
              [842693, 6013910],
              [842587, 6013912],
              [842503, 6013927],
              [842251, 6013986],
              [842192, 6014006],
              [842137, 6014031],
              [841704, 6014285],
              [841378, 6014474],
              [841290, 6014538],
              [841181, 6014630],
              [841153, 6014650],
              [841128, 6014663],
              [841080, 6014698],
              [840979, 6014743],
              [840914, 6014767],
              [840820, 6014790],
              [840716, 6014803],
              [840652, 6014801],
              [840583, 6014794],
              [840518, 6014783],
              [840456, 6014761],
              [840401, 6014735],
              [840344, 6014697],
              [840287, 6014645],
              [840233, 6014561],
              [840211, 6014516],
              [840194, 6014460],
              [840180, 6014311],
              [840185, 6014218],
              [840180, 6014163],
              [840171, 6014113],
              [840151, 6014044],
              [840108, 6013953],
              [840050, 6013863],
              [839983, 6013747],
              [839925, 6013664],
              [839878, 6013607],
              [839827, 6013564],
              [839762, 6013523],
              [839684, 6013489],
              [839204, 6013317],
              [839076, 6013285],
              [838981, 6013273],
              [838881, 6013272],
              [838653, 6013291],
              [838567, 6013293],
              [838521, 6013288],
              [838480, 6013280],
              [838406, 6013257],
              [838327, 6013220],
              [838294, 6013200],
              [838223, 6013151],
              [838155, 6013093],
              [838002, 6012938],
              [837960, 6012903],
              [837894, 6012856],
              [837826, 6012823],
              [837570, 6012718],
              [837502, 6012695],
              [837359, 6012652],
              [836564, 6012387],
              [836494, 6012359],
              [836410, 6012312],
              [836372, 6012285],
              [836324, 6012246],
              [836280, 6012198],
              [836245, 6012151],
              [836205, 6012086],
              [836188, 6012050],
              [836175, 6012014],
              [836158, 6011946],
              [836119, 6011718],
              [836108, 6011660],
              [836101, 6011629],
              [836091, 6011600],
              [836070, 6011549],
              [836030, 6011481],
              [836004, 6011450],
              [835974, 6011420],
              [835938, 6011390],
              [835900, 6011365],
              [835849, 6011338],
              [835802, 6011317],
              [835758, 6011303],
              [835593, 6011256],
              [835526, 6011225],
              [835476, 6011192],
              [835445, 6011167],
              [835310, 6011023],
              [835281, 6010983],
              [835260, 6010946],
              [835245, 6010914],
              [835231, 6010877],
              [835208, 6010788],
              [835042, 6010164],
              [835021, 6010106],
              [834997, 6010049],
              [834969, 6009996],
              [834792, 6009750],
              [834771, 6009712],
              [834749, 6009665],
              [834727, 6009604],
              [834691, 6009521],
              [834671, 6009484],
              [834645, 6009448],
              [834581, 6009382],
              [834514, 6009336],
              [834478, 6009318],
              [834422, 6009297],
              [834290, 6009264],
              [834212, 6009237],
              [834160, 6009213],
              [834113, 6009184],
              [834076, 6009154],
              [834028, 6009108],
              [833983, 6009049],
              [833950, 6008984],
              [833911, 6008870],
              [833835, 6008626],
              [833820, 6008584],
              [833795, 6008529],
              [833771, 6008483],
              [833745, 6008438],
              [833682, 6008352],
              [833638, 6008301],
              [833581, 6008247],
              [833484, 6008173],
              [833370, 6008106],
              [833243, 6008041],
              [832845, 6007821],
              [832773, 6007788],
              [832689, 6007764],
              [832633, 6007757],
              [832577, 6007755],
              [832409, 6007760],
              [832335, 6007754],
              [832265, 6007741],
              [831999, 6007661],
              [831903, 6007643],
              [831781, 6007640],
              [831674, 6007658],
              [831594, 6007685],
              [831517, 6007718],
              [831388, 6007784],
              [831261, 6007856],
              [831203, 6007883],
              [831131, 6007908],
              [831067, 6007920],
              [831018, 6007923],
              [830987, 6007921],
              [830957, 6007917],
              [830903, 6007905],
              [830826, 6007878],
              [830709, 6007833],
              [830680, 6007826],
              [830620, 6007815],
              [830570, 6007815],
              [830514, 6007819],
              [830448, 6007835],
              [830392, 6007856],
              [830344, 6007881],
              [830295, 6007912],
              [830234, 6007961],
              [830198, 6008001],
              [830163, 6008050],
              [830089, 6008168],
              [830025, 6008260],
              [829980, 6008301],
              [829943, 6008331],
              [829901, 6008356],
              [829856, 6008378],
              [829828, 6008387],
              [829773, 6008401],
              [829745, 6008406],
              [829698, 6008408],
              [829660, 6008407],
              [829613, 6008400],
              [829563, 6008388],
              [829467, 6008355],
              [829389, 6008320],
              [829319, 6008285],
              [829241, 6008239],
              [828717, 6007893],
              [828638, 6007837],
              [828462, 6007706],
              [828426, 6007671],
              [828378, 6007618],
              [828235, 6007456],
              [828178, 6007389],
              [828128, 6007316],
              [828096, 6007256],
              [828012, 6007039],
              [827986, 6006986],
              [827955, 6006939],
              [827890, 6006862],
              [827818, 6006771],
              [827782, 6006730],
              [827732, 6006677],
              [827683, 6006640],
              [827629, 6006605],
              [827562, 6006579],
              [827478, 6006563],
              [827392, 6006562],
              [827292, 6006575],
              [827179, 6006599],
              [827065, 6006613],
              [826311, 6006689],
              [826201, 6006687],
              [826132, 6006678],
              [826026, 6006645],
              [825828, 6006555],
              [825714, 6006511],
              [825664, 6006499],
              [825614, 6006493],
              [825555, 6006492],
              [825492, 6006497],
              [825372, 6006515],
              [824933, 6006586],
              [824793, 6006611],
              [824730, 6006627],
              [824665, 6006647],
              [824453, 6006723],
              [824378, 6006745],
              [824289, 6006764],
              [824183, 6006777],
              [824032, 6006780],
              [823961, 6006775],
              [823889, 6006765],
              [823791, 6006744],
              [823651, 6006699],
              [823563, 6006657],
              [823471, 6006609],
              [823388, 6006558],
              [823131, 6006388],
              [823081, 6006363],
              [823032, 6006342],
              [822919, 6006303],
              [822847, 6006285],
              [822779, 6006272],
              [821989, 6006155],
              [821924, 6006148],
              [821670, 6006141],
              [821596, 6006134],
              [821496, 6006117],
              [821354, 6006070],
              [821278, 6006038],
              [821038, 6005917],
              [820991, 6005898],
              [820890, 6005867],
              [820799, 6005848],
              [820697, 6005836],
              [820409, 6005821],
              [820312, 6005807],
              [820233, 6005788],
              [820137, 6005754],
              [820088, 6005735],
              [819973, 6005676],
              [819919, 6005639],
              [819855, 6005589],
              [819799, 6005538],
              [819740, 6005477],
              [819694, 6005422],
              [819650, 6005361],
              [819609, 6005296],
              [819556, 6005196],
              [819519, 6005111],
              [819490, 6005026],
              [819375, 6004598],
              [819343, 6004500],
              [819284, 6004379],
              [819272, 6004349],
              [819255, 6004286],
              [819248, 6004238],
              [819246, 6004191],
              [819249, 6004152],
              [819253, 6004128],
              [819260, 6004088],
              [819271, 6004056],
              [819282, 6004028],
              [819296, 6003999],
              [819314, 6003968],
              [819361, 6003905],
              [819397, 6003866],
              [819439, 6003811],
              [819471, 6003755],
              [819489, 6003711],
              [819501, 6003672],
              [819511, 6003618],
              [819514, 6003562],
              [819510, 6003508],
              [819506, 6003484],
              [819490, 6003419],
              [819324, 6002870],
              [819299, 6002761],
              [819260, 6002531],
              [819224, 6002297],
              [819210, 6002109],
              [819206, 6002017],
              [819198, 6001925],
              [819188, 6001872],
              [819173, 6001828],
              [819142, 6001763],
              [819121, 6001725],
              [819080, 6001678],
              [819040, 6001640],
              [818993, 6001607],
              [818817, 6001517],
              [818754, 6001494],
              [818705, 6001480],
              [818510, 6001434],
              [818212, 6001353],
              [818046, 6001308],
              [817990, 6001288],
              [817771, 6001197],
              [817721, 6001169],
              [817677, 6001136],
              [817645, 6001108],
              [817196, 6000667],
              [816978, 6000444],
              [815781, 5999177],
              [815448, 5998830],
              [815277, 5998669],
              [815193, 5998595],
              [815071, 5998496],
              [814954, 5998407],
              [814772, 5998279],
              [814664, 5998209],
              [814424, 5998070],
              [814270, 5997984],
              [813011, 5997254],
              [812926, 5997201],
              [812734, 5997101],
              [812630, 5997061],
              [812514, 5997028],
              [812385, 5996999],
              [812246, 5996982],
              [812109, 5996976],
              [811955, 5996975],
              [811648, 5996961],
              [811440, 5996952],
              [811306, 5996940],
              [811207, 5996935],
              [811122, 5996940],
              [811054, 5996952],
              [810974, 5996973],
              [810921, 5996992],
              [810851, 5997024],
              [810619, 5997157],
              [810511, 5997195],
              [810427, 5997214],
              [810361, 5997220],
              [810285, 5997222],
              [809408, 5997217],
              [806715, 5997193],
              [806601, 5997188],
              [806486, 5997176],
              [805224, 5996990],
              [804923, 5996942],
              [804236, 5996844],
              [803412, 5996720],
              [803313, 5996711],
              [803216, 5996714],
              [803169, 5996721],
              [803117, 5996733],
              [803023, 5996764],
              [802859, 5996827],
              [802814, 5996846],
              [802550, 5996982],
              [802248, 5997137],
              [802174, 5997180],
              [801276, 5997748],
              [799646, 5998728],
              [799001, 5999192],
              [798949, 5999238],
              [798904, 5999285],
              [798864, 5999341],
              [798830, 5999398],
              [798809, 5999448],
              [798792, 5999510],
              [798786, 5999548],
              [798782, 5999585],
              [798781, 5999616],
              [798783, 5999659],
              [798802, 5999775],
              [798817, 5999828],
              [798828, 5999883],
              [798834, 5999945],
              [798838, 6000015],
              [798832, 6000095],
              [798825, 6000146],
              [798812, 6000196],
              [798789, 6000267],
              [798759, 6000341],
              [798437, 6001095],
              [798413, 6001178],
              [798397, 6001263],
              [798388, 6001391],
              [798377, 6001516],
              [798343, 6001649],
              [798271, 6001877],
              [798261, 6001903],
              [798227, 6001971],
              [798180, 6002038],
              [798128, 6002096],
              [798065, 6002148],
              [798024, 6002176],
              [797958, 6002211],
              [797894, 6002235],
              [797710, 6002293],
              [797603, 6002325],
              [797515, 6002339],
              [797447, 6002344],
              [797354, 6002345],
              [797158, 6002318],
              [797110, 6002313],
              [797067, 6002312],
              [796995, 6002316],
              [796943, 6002324],
              [796886, 6002340],
              [796599, 6002437],
              [796551, 6002448],
              [796486, 6002455],
              [796408, 6002451],
              [796350, 6002441],
              [796225, 6002409],
              [796134, 6002394],
              [796005, 6002389],
              [795951, 6002391],
              [795879, 6002404],
              [795822, 6002421],
              [795768, 6002442],
              [795679, 6002490],
              [795606, 6002551],
              [795539, 6002632],
              [795482, 6002732],
              [793653, 6006750],
              [793605, 6006831],
              [793540, 6006909],
              [793463, 6006978],
              [792942, 6007341],
              [792900, 6007372],
              [792862, 6007405],
              [792825, 6007444],
              [792790, 6007489],
              [792770, 6007518],
              [792736, 6007579],
              [792722, 6007611],
              [792702, 6007670],
              [792688, 6007731],
              [792681, 6007783],
              [792678, 6007835],
              [792682, 6007902],
              [792693, 6007967],
              [792705, 6008012],
              [792721, 6008056],
              [792744, 6008107],
              [792771, 6008157],
              [792871, 6008276],
              [792940, 6008351],
              [793032, 6008443],
              [793072, 6008486],
              [793200, 6008625],
              [793269, 6008710],
              [793298, 6008753],
              [793314, 6008783],
              [793330, 6008820],
              [793349, 6008889],
              [793355, 6008931],
              [793358, 6008967],
              [793359, 6009104],
              [793355, 6009164],
              [793348, 6009203],
              [793339, 6009241],
              [793326, 6009278],
              [793307, 6009322],
              [793228, 6009462],
              [793208, 6009505],
              [793187, 6009559],
              [793172, 6009614],
              [793165, 6009657],
              [793161, 6009701],
              [793160, 6009748],
              [793164, 6009930],
              [793161, 6009976],
              [793155, 6010021],
              [793146, 6010069],
              [793133, 6010116],
              [793097, 6010206],
              [793050, 6010288],
              [793024, 6010323],
              [792996, 6010357],
              [792960, 6010394],
              [792921, 6010429],
              [792867, 6010469],
              [792791, 6010512],
              [792747, 6010532],
              [792678, 6010557],
              [792605, 6010574],
              [792547, 6010579],
              [790954, 6010613],
              [790896, 6010612],
              [790791, 6010602],
              [790735, 6010592],
              [790681, 6010579],
              [790625, 6010563],
              [790337, 6010458],
              [790290, 6010444],
              [790238, 6010433],
              [790184, 6010427],
              [790122, 6010426],
              [790070, 6010430],
              [789573, 6010498],
              [789460, 6010507],
              [788606, 6010432],
              [788558, 6010429],
              [788490, 6010430],
              [788453, 6010435],
              [788383, 6010454],
              [788346, 6010468],
              [788309, 6010488],
              [788275, 6010511],
              [788236, 6010541],
              [788190, 6010593],
              [788160, 6010639],
              [788145, 6010672],
              [788134, 6010704],
              [788126, 6010737],
              [788119, 6010791],
              [788119, 6010831],
              [788125, 6010887],
              [788171, 6011067]
            ]
          },
          {
            "type": "MultiPoint",
            "coordinates": [
              [880343, 5999716],
              [877998, 6015149],
              [873576, 6018470],
              [869622, 6017913],
              [866878, 6018692],
              [863824, 6019161],
              [860628, 6021476],
              [859271, 6024330],
              [856138, 6027814],
              [851385, 6029614],
              [844786, 6031719],
              [847095, 6030241],
              [847980, 6026301],
              [847283, 6022198],
              [846394, 6018761],
              [846426, 6016433],
              [845156, 6014388],
              [838294, 6013200],
              [835208, 6010788],
              [818212, 6001353],
              [814664, 5998209],
              [811648, 5996961],
              [806715, 5997193],
              [802550, 5996982],
              [797710, 6002293],
              [793072, 6008486],
              [788171, 6011067]
            ]
          }
        ]
      },
      "properties": {
        "stroke": "#ffea00",
        "line_name": "S3",
        "type": "rail",
        "event_timestamp": "2024-04-11T07:06:28.821000Z",
        "train_id": "sbb_140385442770512",
        "journey_id": 2967826572,
        "line_id": 35391494,
        "gen_level": null,
        "gen_range": [150, 32767]
      }
    }
  ]
}